0
1024
512
256
128
64
32
16
8
1536
1280
768
1152
640
384
1088
576
4
320
192
1056
544
288
160
96
1040
528
272
144
80
1032
520
264
48
2
136
72
1792
1664
1408
1600
896
1028
40
1344
516
832
1216
260
1568
704
1312
800
448
1184
132
672
416
1120
1552
608
1296
784
352
1168
68
656
1
400
224
24
1104
592
336
1544
1288
776
208
1072
36
1026
1160
560
514
648
304
258
392
1096
584
176
130
328
1920
1064
200
1540
1856
552
1284
1728
112
20
772
66
1824
1472
296
1156
1696
960
644
1440
1632
928
388
1808
168
1376
1092
1680
864
580
1025
1424
1248
1048
513
1616
912
736
536
324
1360
34
257
848
480
280
104
1800
1232
1060
1584
1538
1672
720
196
548
12
1328
1282
1416
129
816
152
770
464
1608
904
292
1200
1154
1352
688
642
840
1224
1576
18
432
164
386
1136
712
1044
1796
1090
65
1320
88
1984
624
532
1668
578
808
1952
456
1412
1192
1888
368
276
1604
322
900
680
1537
1936
100
1760
1560
1348
1058
1281
1872
1504
1304
836
424
33
1128
56
546
240
148
769
1744
194
992
1220
792
10
1572
1036
616
1153
1840
1176
1794
1488
1928
708
1316
524
290
641
1712
664
976
1666
1864
360
804
452
1042
1456
1188
268
84
1410
1736
1089
385
1112
408
17
162
1648
1556
1602
530
944
1832
676
898
1480
577
232
600
1392
6
1300
1346
1924
1704
140
968
1124
274
420
880
321
788
834
344
52
1860
1448
1057
98
1080
1570
612
1264
1172
1793
1218
2016
1816
1034
1640
9
936
545
1732
568
146
1548
76
1314
752
660
706
1665
193
522
356
1688
216
2000
1384
1828
1476
802
1292
1108
289
312
1409
496
404
1432
450
872
1041
1186
266
1554
1968
1700
82
1922
964
228
1601
1256
44
780
596
5
1624
1030
897
920
529
674
1164
161
1992
184
1298
1444
744
1904
138
1345
1812
1858
1368
1076
340
518
1122
1636
652
50
273
418
786
932
28
1033
3
833
1960
97
1569
488
856
564
120
1592
1170
610
1100
1776
1684
262
1730
74
1217
1546
212
1380
1240
396
521
145
1826
658
588
308
1313
354
1336
705
1520
1428
868
728
1474
1896
134
1290
42
1106
265
1988
1252
1068
1804
1620
1029
81
801
402
332
824
180
1008
1921
916
449
226
1944
962
1553
1698
472
778
1185
70
1208
594
740
556
1768
137
517
26
1162
49
204
1364
1542
116
673
1676
1074
696
1297
1442
338
1810
484
38
1956
1052
650
300
261
73
1027
1857
852
1121
1512
1880
1588
1144
1634
562
417
1286
440
785
1098
930
1236
210
540
1420
394
22
172
133
515
609
41
1000
1545
1169
632
306
774
1682
586
1612
1332
724
1378
908
284
1729
259
1892
108
14
69
1752
1158
353
657
25
376
1066
178
330
820
1289
468
866
156
1105
1825
1426
131
1356
646
37
1848
401
225
1204
2032
248
1940
554
1473
1250
1986
114
1496
777
1802
202
92
1094
593
1618
914
67
844
390
1764
21
692
1580
1161
1541
1050
961
298
738
984
1073
1228
582
337
60
1140
35
13
1697
436
649
538
1720
482
170
1362
1508
561
1062
716
326
209
1674
1324
1285
628
19
1097
393
282
1876
106
850
996
550
305
460
1586
198
1441
812
773
372
1464
1809
585
11
1954
154
1234
1564
1418
1046
1196
294
177
1157
1539
929
1633
1065
244
2024
952
329
7
1656
90
722
1330
906
534
1798
684
166
645
113
1610
1748
553
201
1932
1308
58
466
1283
818
1132
1038
1093
278
428
102
389
1377
1681
1049
297
1400
796
1202
771
620
526
1354
581
1844
150
865
1492
1890
537
169
888
1180
1155
690
1670
1061
364
270
842
325
86
1425
1249
980
1272
281
105
668
1578
1138
643
434
1801
1226
549
236
142
197
54
913
737
760
153
1116
1617
412
1938
1091
626
1868
387
1414
714
1045
293
78
481
1716
504
89
1985
604
1322
1762
2008
579
370
902
458
533
165
46
1606
57
1361
1084
348
810
1059
323
242
1037
277
101
30
1460
1673
1562
849
572
1506
1194
220
547
195
525
149
1585
948
1740
1350
1233
316
994
682
1652
1043
291
269
85
1417
1306
838
721
1130
188
426
1874
531
163
141
53
2020
1574
1329
1484
905
794
1222
1836
465
618
1797
124
1396
1609
1035
275
99
77
817
972
1178
710
362
884
523
147
45
1318
1201
666
1953
454
234
1268
1976
1353
1031
267
83
29
806
689
1114
410
1746
756
841
1930
519
139
51
1558
1708
1190
1669
1137
433
602
1577
500
1225
263
75
678
625
1082
346
1490
1842
713
135
43
1302
1452
1126
1413
422
369
570
218
978
1321
457
71
27
790
1820
940
614
901
241
314
809
1795
1644
1550
1605
39
1174
358
1889
186
1561
1193
1912
23
662
230
122
1714
681
1388
1294
1866
1349
15
1110
406
2004
1305
1129
425
1692
876
782
837
598
1667
793
1458
617
1573
1260
1166
1221
1078
342
1937
1761
1784
1177
946
361
1436
748
654
709
566
214
1650
1411
665
233
1738
924
1317
492
1102
398
453
310
1505
1528
899
1113
409
1628
805
590
182
993
1603
1394
1016
601
1926
1482
1557
1189
1070
334
118
882
1081
345
1372
970
1834
677
558
206
1347
1266
569
217
860
1301
1125
421
1054
302
835
754
313
1873
1596
1244
789
613
542
174
1571
1219
498
185
732
1549
1173
357
286
110
1972
707
121
1340
2018
1706
476
661
229
158
1315
451
828
1293
1109
405
94
803
1862
1745
1212
1450
781
597
62
1555
1187
700
938
1165
1077
341
1929
1818
675
1489
1642
1148
444
653
565
213
1299
1123
419
977
636
1101
397
309
1841
1996
1734
787
611
1386
380
589
181
1908
1547
1171
355
874
252
1069
333
117
1690
1478
659
227
1258
557
205
1291
966
1107
403
746
1053
301
1830
1713
1434
779
595
490
541
173
1780
922
1865
1543
1163
1075
339
285
109
1457
1626
651
563
211
157
945
1524
1287
1099
395
307
1702
93
1649
1012
1370
775
587
179
61
858
1737
1159
1067
331
115
1446
1393
1594
1242
2002
647
555
203
934
881
730
1481
1095
391
1051
299
1814
1964
1638
1925
1265
1338
474
969
583
539
171
1833
753
826
1063
327
283
107
1382
497
1210
551
199
155
870
698
1047
295
91
1686
1254
1146
442
535
167
59
742
1705
634
1039
279
103
1430
486
378
527
151
918
1449
250
1900
1806
1861
271
87
1622
937
143
55
1817
1641
79
1366
47
854
1970
1385
1772
1678
1733
31
1590
1238
873
726
1689
1257
1948
1516
1422
1477
1334
470
745
1004
910
965
822
1923
1433
489
1829
1614
1206
2017
921
2040
694
1625
1358
1142
438
846
1906
630
1369
1994
1701
1582
1230
374
857
718
246
1593
1241
1884
1445
1326
462
729
933
814
1859
1778
1337
473
1813
1637
1566
1198
825
686
1522
1209
1756
1381
1310
1134
430
1010
697
869
798
622
1731
1145
441
1500
1685
1253
1182
366
633
988
741
670
238
1475
377
1852
1429
485
1118
414
963
249
917
1827
606
1805
1621
1086
350
574
222
1724
1962
1365
318
853
1699
190
1468
1677
1589
1237
126
956
725
1443
2001
1660
1421
1333
469
931
909
821
1811
1635
1404
1613
1205
892
693
1379
1898
1276
1357
1141
437
867
764
845
629
1683
1251
508
1581
1229
373
739
717
245
1990
1427
483
1770
1325
461
915
813
1803
1619
1514
1565
1197
1946
1002
685
1363
1309
1133
429
851
797
621
1675
1587
1235
1181
365
1969
723
669
237
1419
1331
467
1117
413
907
819
2036
605
1799
1611
1203
1085
349
691
1882
573
221
1355
1139
435
317
843
627
189
1671
1579
1227
371
1958
125
1905
715
243
1754
1415
1323
459
903
811
1498
1993
1607
1563
1195
986
1777
683
1850
1351
1307
1131
427
1521
839
795
619
1009
1575
1223
1179
363
1894
711
667
235
1722
1319
455
1115
411
807
603
1466
1559
1191
1083
347
954
1766
679
571
219
1658
1303
1127
423
315
1510
791
615
187
1402
998
1551
1175
359
123
1942
890
663
231
1274
1295
1111
407
762
1961
783
599
506
1167
1079
343
655
567
215
1103
399
311
591
183
1071
335
119
1878
559
207
1055
303
1897
543
175
287
111
1750
159
95
1494
1769
63
982
2028
1934
1989
1846
1513
1001
1945
1718
1462
950
1870
1654
1398
1881
886
1742
1270
758
1486
502
1753
974
1957
1838
1497
985
1849
1710
1454
2034
1721
942
1893
1822
1646
1465
953
1390
1657
878
2012
1765
1694
1262
1401
750
889
1509
1438
494
1987
1273
997
926
1941
761
1630
505
1374
862
1598
1246
734
1342
478
830
1877
1214
702
1150
446
1980
638
1749
382
254
1493
1955
981
1933
1845
1916
1717
1461
1891
949
1788
1869
1653
1532
1397
1763
1020
885
1741
1269
1507
757
995
1485
501
1939
973
1837
2026
1709
1453
1875
941
1821
1645
1389
1747
877
1693
1261
1491
749
979
1437
493
1931
1843
925
1629
1373
1715
861
1597
1245
1459
733
947
1341
477
1867
1651
829
1213
1395
701
883
1149
445
1739
1267
637
755
381
1483
499
253
971
1927
1835
2010
1707
1451
939
1863
1819
1643
2033
1387
875
1735
1691
1259
747
1479
1435
491
967
923
1831
1627
1371
1978
859
1703
1595
1243
731
1447
1339
475
935
827
1815
1639
1211
699
2022
1383
1147
443
1914
871
635
1687
1255
379
743
251
1431
487
1786
919
1807
1623
1530
1018
1367
855
1679
1591
1239
727
1423
1335
471
911
823
1615
1207
695
1359
1143
439
847
631
1583
1231
375
719
247
1327
463
815
1567
1199
687
1311
1135
431
799
623
1183
367
671
239
1119
415
607
1087
351
2006
575
223
319
191
127
2025
1974
1910
1782
1526
1014
1998
2009
1966
1977
1902
1774
1913
1518
1006
2021
1950
1785
1529
1017
1886
1758
1502
990
1854
1726
1470
958
1662
1406
894
1278
766
510
2005
1973
2044
1909
1781
2019
1525
1013
1997
1965
1901
1773
2003
1517
1005
1949
1885
1757
1971
1501
989
1853
1725
1907
1469
957
1661
1779
1405
1523
893
1011
1277
1995
765
509
1963
1899
1771
1515
1003
1991
1947
1883
1755
1499
987
1959
1851
1723
1467
955
1895
1659
1403
891
1767
1275
763
1511
507
999
1943
2042
1879
1751
1495
983
1935
1847
1719
1463
951
1871
1655
1399
887
1743
1271
759
1487
503
975
1839
1711
1455
943
1823
1647
1391
879
1695
1263
751
1439
495
927
1631
1375
863
1599
1247
735
1343
479
831
1215
703
1151
447
639
383
255
2038
2030
2041
2014
1982
1918
1790
1534
1022
2037
2029
2013
1981
1917
2035
1789
1533
1021
2027
2011
1979
1915
1787
1531
1019
2023
2007
1975
1911
1783
1527
1015
1999
1967
1903
1775
1519
1007
1951
1887
1759
1503
991
1855
1727
1471
959
1663
1407
895
1279
767
511
2046
2045
2043
2039
2031
2015
1983
1919
1791
1535
1023
2047
