7
3
529
145
69
13
1
2064
1280
1152
768
528
524
144
104
68
12
0
2176
2112
2080
2056
2052
2050
2049
2048
1536
1090
1088
1040
1032
1028
1026
608
576
548
544
530
521
520
513
512
400
384
328
324
322
321
320
296
292
290
289
288
280
276
274
273
272
268
265
264
262
261
260
259
258
257
256
224
200
196
194
168
164
162
161
160
152
148
146
140
138
137
136
134
133
132
131
130
129
128
100
98
97
96
88
84
81
80
76
74
73
72
70
67
66
65
64
56
52
50
44
42
41
40
38
37
36
35
34
33
32
26
25
24
22
21
20
19
18
17
16
14
11
10
9
8
6
5
4
2
304
388
82
580
192
48
193
1056
28
49
1168
648
516
514
112
266
336
644
1058
352
536
1024
518
640
532
176
546
522
552
560
1092
1025
208
2304
1048
1096
578
642
416
392
386
385
656
1042
1030
1027
1034
770
772
545
704
672
1044
800
592
1064
776
577
584
1036
1282
1120
1156
1104
1072
784
832
1160
1057
1060
448
517
515
1154
1184
641
1284
1041
1029
1033
2560
1089
1216
769
1281
1153
1288
2051
2053
2054
1296
2057
2058
2060
896
2065
2066
2068
2072
15
2081
23
2082
27
29
39
43
2084
30
1312
45
46
51
53
71
2088
75
54
77
57
58
78
83
85
86
60
89
99
90
135
101
2096
139
102
92
2113
141
105
2114
147
142
106
149
2116
150
108
153
113
163
154
114
165
2120
166
156
116
169
170
172
120
177
195
178
263
197
2128
267
198
180
269
201
275
270
202
277
1344
278
204
184
281
209
291
282
210
293
294
284
212
297
298
300
216
305
225
323
306
226
325
2144
326
308
228
2177
329
2178
330
2180
332
312
232
337
338
2184
340
1537
344
240
1538
353
387
354
519
1540
389
523
2192
390
356
525
393
531
526
394
533
1544
534
396
360
537
401
547
538
402
549
550
540
404
553
554
1552
556
408
368
561
417
579
562
418
581
582
564
2208
420
585
586
588
568
424
593
594
596
1408
1568
600
432
609
449
643
610
450
645
646
612
452
649
650
652
616
456
657
658
2305
3072
2306
660
2308
664
624
464
673
2312
674
2240
676
1031
680
1035
2320
1037
1043
1038
1045
1046
1049
1600
1059
1050
1061
688
1062
1052
771
480
705
1065
773
706
1066
774
777
708
1068
778
1073
1091
1074
780
1093
785
712
1094
1076
786
2336
1097
1098
788
1100
1080
1105
1106
792
801
720
1108
802
804
1112
1121
1155
1122
808
1157
1158
1124
1161
1162
1164
1128
1169
1170
816
833
736
1172
834
836
1176
1136
1185
1186
840
2368
1188
1192
1664
848
2561
2562
2564
1283
1200
1285
1217
1286
2568
1218
1289
1290
1220
1292
2055
1297
2059
1298
1224
2061
897
2067
2062
898
1300
2576
864
2069
2070
900
2073
2083
2074
1304
2085
31
1313
2086
2076
904
47
1314
1232
2089
55
2090
79
59
1316
87
61
2092
91
62
2097
103
93
2115
2098
143
107
94
1320
2117
151
109
2118
2100
912
155
115
110
2121
167
157
117
2122
171
158
118
2592
173
121
2124
2104
179
174
122
2129
199
181
2130
271
203
182
124
1328
1345
279
205
185
2432
1346
2132
283
211
206
186
1248
295
285
213
1348
299
286
214
188
301
217
2136
307
302
227
218
2145
327
309
229
2179
1352
2146
331
310
230
220
2181
333
313
233
928
2182
2148
339
334
314
234
2185
341
2186
342
316
236
345
241
1539
2188
2152
355
346
242
1541
2193
391
357
1542
527
2194
1360
395
358
348
244
1545
535
397
361
1546
539
2196
403
398
362
551
541
405
1548
555
542
406
364
248
1553
557
409
369
1554
1792
563
558
2200
2160
419
410
370
583
565
2209
421
1556
2624
587
566
2210
422
412
372
589
569
425
595
590
570
2212
426
597
1560
598
572
1409
428
376
1569
601
1410
433
1570
611
602
2216
451
434
647
613
1412
453
1572
1376
651
614
604
454
436
653
617
457
659
654
618
3073
458
2307
661
1416
3074
1576
2309
662
620
960
460
440
2310
665
625
3076
465
2313
675
666
2224
626
2241
466
2314
677
2242
678
668
628
468
2316
681
3080
2244
2321
682
1039
2322
1047
1424
1584
1601
684
632
1051
472
2324
1602
689
1063
1053
2248
481
707
690
1067
1054
775
482
1604
709
1069
779
710
692
1075
1070
781
484
2328
713
1095
1077
787
782
3088
2337
714
1099
1078
789
2338
1608
1101
1081
790
716
696
1107
1102
1082
793
488
2340
721
1109
803
794
2256
722
1110
1084
805
1113
806
796
724
1123
1114
809
2344
1159
1125
810
1440
1163
1126
1116
1616
1165
1129
812
2688
728
1171
1166
1130
817
496
737
1173
835
818
738
1174
837
1132
1177
838
1137
820
740
3104
1187
1178
841
1138
2369
2352
1189
842
2370
1190
1180
1140
1193
844
824
2372
1665
744
2272
1194
849
1666
2563
850
2565
1196
1144
1668
2566
1201
852
2376
1287
2569
1219
1202
1291
2570
1221
1632
1293
1222
1204
1672
1299
1294
2572
1225
856
2063
899
752
1301
2577
865
1226
2071
901
1302
2578
866
2075
902
1305
1228
1208
2087
2077
905
1315
1306
2580
868
1233
2384
2091
2078
906
1317
1234
2093
63
1472
1318
1308
2099
2094
908
95
1321
1236
1680
2119
2101
913
111
1322
2584
872
2123
2102
914
159
119
2593
2125
2105
175
123
1324
2594
2131
2126
2106
916
183
125
1329
3136
1240
2433
1347
2133
207
187
126
1330
2596
1249
2434
1349
2134
2108
287
215
189
1250
1350
2137
303
219
190
1332
2436
1353
2147
2138
920
311
231
221
1252
929
2183
1354
2149
335
315
235
222
2600
880
930
2187
2150
2140
343
317
237
2189
1356
2153
347
318
243
238
1336
2400
1543
2440
932
2195
2190
1361
2154
359
349
245
1256
1547
2197
1362
399
363
350
246
1549
543
2198
2816
2156
407
365
249
1696
1555
1550
1793
559
2201
2161
1364
411
371
366
250
1557
1794
2625
936
567
2211
2202
2162
423
413
373
1558
2626
591
571
2213
2608
427
414
374
252
1561
1796
599
573
2214
2204
2164
429
377
1411
1571
1562
2628
603
574
2217
1368
435
430
378
2448
1413
1573
1377
615
605
2218
1264
455
437
1414
1574
1564
1378
655
619
606
459
438
380
1417
3075
1577
1800
663
621
2220
2168
961
461
441
2311
1418
3077
1578
1380
2632
667
2225
627
622
962
467
462
442
2315
944
3078
2243
679
669
2226
629
469
2317
1420
3081
2245
1580
683
670
630
964
470
444
2323
2318
1425
3082
2246
1585
685
2228
633
473
2325
1603
1426
2249
1586
1384
691
686
634
1055
483
474
2326
1605
3084
2250
711
693
1071
485
2329
1606
1428
783
3089
1588
715
694
636
1079
968
486
476
3200
2339
2330
1808
1609
791
3090
2252
2232
717
697
1103
1083
489
2341
1610
2640
795
2257
723
718
698
1111
1085
490
2342
2332
807
797
3092
2258
2464
725
1115
1086
2345
1612
1728
1432
811
798
1592
726
700
1441
1127
1117
492
2346
1617
813
2260
2689
729
1442
1167
1131
1118
497
1392
1618
819
814
2690
739
730
1175
1133
498
2348
839
821
3096
741
3105
1444
1179
1139
1134
2353
1620
976
843
822
2371
2692
742
732
3106
1191
1181
1141
500
2354
845
825
2264
2373
745
2273
1195
1182
1142
1667
851
846
826
2374
746
2274
3108
1197
1145
2356
1669
2567
853
2377
1448
1203
1198
1146
1624
1670
2571
854
828
1633
2378
2696
1824
748
2276
1223
1205
504
1673
1295
2573
857
1634
2656
753
1227
1206
1148
1674
1303
2579
2574
867
858
2380
903
754
3112
1229
1209
2360
1307
2581
869
2385
1636
2079
907
1235
1230
1210
1473
1676
1319
1309
2582
870
860
2386
2095
909
756
2280
1237
1681
1474
1323
1310
2585
873
2103
915
910
1238
1212
1682
1325
2595
2586
874
2388
2127
2107
917
1456
3137
1241
2496
992
127
1476
1331
1326
2597
1640
2704
2435
2135
2109
918
1251
3138
1242
1684
1351
191
1333
2598
2588
876
2437
760
2139
2110
921
1253
1355
223
1334
2601
881
2438
931
3120
2151
2141
922
1254
3140
1244
1357
319
239
1337
2602
882
2401
2392
2441
933
2191
3328
2155
2142
1257
1480
1363
1358
351
247
1338
2402
2288
2442
934
2199
2817
2157
924
1258
1697
1551
1688
1365
367
251
2604
884
1795
937
2203
2818
2163
2158
1698
1559
2627
2609
1366
415
375
253
1340
2404
1797
2444
938
2215
2205
2165
3144
1260
1648
1563
2629
1856
575
2610
1369
431
379
254
2449
1798
2219
2206
1265
2820
2166
1415
1700
1575
1565
1379
2630
607
1370
439
381
2450
1801
940
2221
1266
2169
1419
1579
1566
1381
2633
888
623
2612
963
463
443
382
945
3079
1802
2227
2222
2170
1421
2720
1581
1382
2634
671
631
2408
1372
965
471
445
2319
2452
946
3083
2247
1488
2229
1268
1427
1422
1587
1582
1385
687
635
966
475
446
2327
3085
2251
2824
1804
2230
2172
1704
1607
1429
1589
1386
2636
695
637
969
487
477
3201
2331
1809
948
3091
3086
2253
2233
1611
2641
2616
3152
1430
1590
719
699
638
970
491
478
3202
2343
2333
1810
3093
2259
2254
2465
2234
1087
1613
2642
1729
1433
799
1593
1388
2456
727
701
493
2347
2334
1272
3094
2261
2466
1443
1119
1393
1619
1614
1730
1434
815
1594
2691
731
702
972
499
3204
494
1812
2349
3097
2262
2236
1445
1135
1394
2644
1621
977
823
2693
2416
952
743
733
3107
501
2355
2350
2265
3098
2468
1446
1183
1143
1622
978
1732
1436
847
827
1596
2375
2694
747
734
2275
3109
502
2832
2357
2266
1712
1449
1199
1147
1396
1625
1671
855
829
2379
2697
1825
749
2277
3110
505
2358
1504
3100
1635
2657
1450
1207
1149
3208
1626
1816
1675
980
2575
859
830
2381
2698
1826
755
750
3113
2278
506
1920
2361
3584
2648
2268
1637
2658
1231
1211
1150
2752
1677
2583
871
861
2387
2382
2472
757
2281
3114
2362
1475
1311
1736
3168
1638
911
1452
1239
1213
1628
1683
1678
2587
875
862
2389
2700
1828
758
2282
508
1457
2497
1400
993
1477
1327
1641
2705
2660
919
3139
1243
1214
1685
2599
2589
877
2390
761
2111
3116
1458
2498
2364
984
994
1478
1335
1642
2706
2439
3121
923
1255
3141
1245
1686
2603
883
2590
2393
878
2284
762
3329
2143
1481
1359
1339
2403
2289
2443
935
3122
925
1259
3142
1246
3216
1689
2605
885
2394
2848
2819
3330
1460
2159
2500
1699
996
1482
1832
1367
1644
1341
2405
2708
2290
2445
939
926
3145
1261
1649
1690
2664
1857
2611
255
2606
886
2480
764
1799
2207
2821
2167
1744
1701
2631
1371
1342
2406
2451
3124
2446
941
1267
3146
1262
1650
1567
1858
889
2396
2613
383
3332
1803
2223
2822
2171
1484
1702
2721
1383
2635
2409
1373
2292
2453
947
1489
942
1269
1692
1423
1583
890
2614
967
447
2825
1805
2231
2173
1705
1464
2504
2722
1387
2637
1000
2410
1374
2454
2712
3148
949
1490
3087
1270
1652
1860
2617
3153
1431
1591
639
971
479
3203
1811
2826
2255
1806
2235
2174
1706
2643
2638
1389
2457
2335
3128
1273
950
3095
1840
2467
892
1615
2618
3154
1731
1435
1595
703
973
3205
495
2672
3336
1813
2263
3232
2724
2237
2412
1395
2645
2296
1390
2417
1492
953
2458
2351
1274
3099
2469
1447
1623
979
1733
1437
1597
2828
2695
735
974
3206
503
1708
2833
1814
2880
2267
1713
2238
1760
1397
2646
2418
954
1656
3111
1864
2359
2620
3156
1505
3101
2470
1451
3209
1627
1817
1734
1438
981
1598
831
2699
1827
751
2279
2512
2834
507
1921
3585
2649
1008
1714
2269
2460
2659
1151
1398
1276
2753
2383
2473
3115
2363
1506
3102
1737
3169
1639
1453
2728
3210
1629
1818
982
1679
863
2701
1829
1496
759
2283
509
1922
1401
3586
2650
2420
2270
956
2661
1215
2754
3344
2391
2474
3117
1459
2499
2365
985
1738
995
1479
3170
1643
2836
2707
1454
1716
1630
1687
2702
2591
879
1830
2285
510
763
1402
3160
2662
1508
3123
3143
1247
3217
3212
2395
1820
2849
3118
2366
3331
1461
2501
986
997
1483
1924
1872
1833
1645
3588
3264
2652
2709
2291
927
1691
2665
2756
2607
887
2481
2286
765
2476
1745
1740
1343
3172
2407
3125
2447
3218
3147
1263
2424
1651
2850
1859
2397
1462
2502
3333
2528
998
2823
1404
1834
1485
1646
1703
2736
2710
2944
2293
943
2666
2840
1693
2482
1720
766
891
2615
1746
988
1465
2505
2723
3126
1001
2411
1375
2455
2713
3149
1491
1512
1271
1653
2398
1861
3334
1486
3360
2827
1807
2175
1707
1928
2294
3592
2639
3220
1694
3129
951
1841
2852
2760
893
2619
3155
1836
2673
3337
1466
2506
3233
1002
3176
2725
2413
2714
3150
2668
2297
1391
1493
2459
1654
2484
1862
1275
1748
1888
2829
975
3207
1709
1815
2881
2239
1761
3130
2647
1842
2419
955
894
1657
1865
2621
3157
2674
3338
2471
3234
1735
1439
2726
1599
2414
2513
2835
2298
1494
1009
1715
2461
1399
1277
1468
2508
2830
1004
1520
1507
3224
3103
1710
2716
2882
2856
2729
3211
1819
983
1762
1497
1936
1923
3600
3587
1658
2651
2421
1866
2271
957
2622
3158
2755
2768
3345
2488
2475
3132
1844
2514
1752
1739
3171
1010
3392
3184
2837
1455
2462
1717
1631
1278
2676
3340
2703
1831
3236
511
1403
3161
2300
2663
1509
2730
3213
1821
3119
1498
2367
987
2422
958
1925
1873
3589
3265
2653
2884
1764
3346
2757
2287
1660
2477
1868
2838
1741
3173
1718
3219
2425
2851
3162
2516
1463
2503
2529
1012
2864
999
1405
1835
1647
1510
2737
2711
2945
3214
1822
1848
2667
2841
2483
1721
767
1926
1874
1952
3590
3266
1747
2654
3616
989
2680
2732
3240
3127
2758
2784
1500
1513
2478
2399
3335
1742
3174
1487
3361
3348
2426
1929
2295
3593
3221
3456
2888
1695
2530
1406
2853
1768
2761
2738
2946
1837
3164
1467
2507
2842
1003
3177
1722
2715
3151
2669
1655
990
2485
1863
2520
1016
1749
1889
1876
1514
3268
3131
3362
1843
1930
895
3594
3222
2675
3339
2854
2762
3235
2727
2428
2415
3248
2299
1838
1495
2532
3352
1984
3648
3178
2740
2948
2670
1469
2509
2486
2831
1005
1521
2844
3225
1711
2717
1724
1750
2883
1890
2857
2896
1763
1776
1937
3601
1659
1867
2623
3159
1516
2769
2489
3133
1880
3364
3272
1845
2515
1753
1932
1011
3393
3185
3596
2463
1279
2677
3341
2764
3237
1470
2510
2301
1006
1522
3180
2731
3226
2718
2858
2536
1499
2744
2952
2423
959
1938
1892
3602
2885
1765
3347
2770
3712
2490
1661
3134
1869
1846
2839
1754
2912
3394
3186
1719
2678
3342
3163
2517
3238
3368
1013
2865
2302
1511
3280
3215
1823
1849
1524
3228
1927
1875
1953
3591
3267
2860
2655
3617
2681
2733
2886
3241
1940
1766
2759
2785
1501
3604
2544
2479
1662
1896
2960
1870
2772
1743
2492
3175
3349
1756
2427
3396
3188
2518
3457
2889
1014
2531
2866
1407
1769
3840
2739
2947
1850
3165
3376
2843
1723
1954
3618
3296
2682
2734
991
1528
3242
2521
2786
1502
1017
1877
1515
3269
1944
3608
3350
3363
2776
1904
2976
1931
3458
3595
2890
3223
1770
3400
3192
2868
2855
2763
2429
3166
3249
1839
1852
2533
3353
1985
3649
3179
1956
2741
2949
3620
2522
2684
2671
1018
3244
2487
2788
2845
1878
3270
1725
1751
1891
2897
1777
1517
3460
2892
1772
3008
2430
2872
3408
3250
1881
3365
3273
2534
1933
3354
1986
3597
3650
2742
2950
1960
2524
3624
2765
2846
1020
1726
2792
1471
2898
2511
1778
1007
1523
3181
3227
2719
2859
2537
1518
2745
2953
1939
3464
1893
3603
1882
3366
3274
3252
1934
3424
3598
2771
3356
3713
1988
2491
3652
3135
1847
1755
2766
2913
3395
3187
1968
3632
2900
2679
3343
2800
3182
1780
3239
3369
2538
2303
3281
2746
2954
1894
3472
1884
3276
1525
3256
3229
3714
2861
1992
3656
2887
2914
1941
1767
3605
2545
1663
2904
1897
2961
1871
3370
1784
2773
2493
2540
3282
2748
2956
1757
3397
3189
2519
1526
3488
1015
2867
3230
3841
3716
2862
2000
3664
2916
1851
1942
3606
3377
2546
1898
1955
2962
3619
2774
3297
3372
2683
2735
2494
1529
3243
3284
1758
2787
1503
3398
3190
3520
1945
3609
3842
3720
3351
2016
3680
2777
1905
2920
3378
2977
2548
3459
2891
1900
2964
1771
3401
3298
3193
2869
1530
3288
3167
1853
1946
3610
3844
1957
3728
3621
2523
2685
2778
1906
1019
2928
3245
3380
2978
2552
2789
1879
3271
2968
3402
3194
3300
2870
1532
1854
1948
3612
3848
3461
2893
1958
3744
3622
2686
1773
2780
1908
3009
3246
3384
2431
2980
2873
3409
2790
3251
3404
3196
3304
2535
3355
1987
3651
2743
2951
1961
2525
3625
2847
1021
3856
3462
2894
1727
3776
2793
1774
2899
1912
3010
1779
2984
2874
3410
3312
1519
1962
2526
3465
3626
1022
1883
3872
3367
3275
3253
2794
1935
3012
3425
3599
2992
2876
3412
3357
1989
3653
2767
1969
3633
3466
1964
3628
2901
2801
3904
3183
1781
3254
2796
3016
3426
2539
3416
3358
1990
3654
2747
2955
1895
1970
3473
3634
1885
3468
3277
2902
3257
2802
3968
1782
3715
1993
3024
3428
3657
2915
1972
3474
3636
1886
2905
3278
3371
3258
1785
2804
2541
1994
3283
3040
3432
3658
2749
2957
1527
3489
1976
3476
3640
3231
2906
3717
3260
2863
1786
2808
2542
2001
3665
1996
3440
3660
2750
2917
2958
1943
3607
2547
1899
3490
2963
3480
2775
2908
3373
2495
3718
1788
3285
2002
3666
1759
2918
3399
3191
3521
3492
3843
3374
3721
3286
2017
2004
3681
3668
2921
3379
2549
1901
2965
3522
3496
3299
3722
1531
3289
2018
2008
3682
3672
2922
2550
1947
1902
2966
3611
3524
3504
3845
3729
3724
3290
2779
2020
1907
3684
2929
2924
3381
2979
2553
2969
3403
3195
3301
3528
3846
2871
3730
1533
3292
2024
3688
2930
3382
1855
2554
1949
2970
3613
3302
3536
3849
1959
3745
3623
3732
1534
2687
2781
1909
2032
3696
3247
2932
3385
2981
2791
2556
1950
2972
3405
3197
3614
3305
3552
3850
3746
3736
2782
1910
2936
3386
2982
3406
3198
3306
3857
3463
3852
2895
3777
3748
1775
1913
3011
3388
2985
2875
3411
3313
3308
3858
3778
3752
1914
2986
1963
2527
3627
1023
3314
3873
3860
3780
3760
2795
3013
1916
2993
2877
2988
3413
3316
3874
3864
3784
3014
2994
2878
3414
3467
1965
3629
3320
3905
3876
3255
3792
2797
3017
3427
2996
3417
3359
1991
1966
3655
3630
3906
3880
3808
2798
3018
1971
3635
3000
3418
3469
2903
2803
3969
3908
3888
1783
3025
3020
3429
3420
3470
3970
3912
3026
3430
1973
3475
3637
1887
3279
3259
2805
3972
3920
1995
3041
3028
3433
1974
3659
3638
2806
3976
3936
3042
3032
3434
1977
3477
3641
2907
3261
1787
2809
3984
2543
1997
3044
3441
3436
1978
3661
3478
3642
2751
2959
3262
2810
4000
1998
3491
3048
3442
1980
3662
3481
3644
2909
3719
1789
2812
4032
2003
3667
3056
3444
3482
2919
2910
1790
3493
3448
3484
3375
3287
2005
3669
3494
2006
3670
3523
3497
3723
2019
2009
3683
3673
3498
2923
2551
1903
2967
2010
3674
3525
3505
3500
3725
3291
2021
2012
3685
3676
3526
3506
2925
3726
2022
3686
3529
3508
3847
2926
3731
3293
2025
3689
3530
2931
3512
3383
2555
3294
2971
2026
3690
3303
3537
3532
3733
1535
2033
2028
3697
3692
3538
2933
3734
2557
1951
2973
2034
3615
3698
3553
3540
3851
2934
3747
3737
2558
2783
1911
2974
2036
3700
3554
3544
2937
3387
2983
3738
3407
3199
2040
3307
3704
3556
3853
2938
3749
3740
3560
3854
2940
3389
3750
3309
3859
3568
3390
3779
3753
1915
3310
2987
3754
3315
3861
3781
3761
3756
1917
3862
2989
3782
3762
1918
3317
3875
3865
2990
3785
3764
3015
3318
3866
2995
2879
3415
3786
3768
3321
3877
3868
3793
3788
3322
3878
2997
1967
3794
3631
3324
3907
3881
2998
3809
3796
2799
3019
3882
3001
3419
3810
3800
3909
3889
3884
3002
3812
3021
3910
3890
3004
3421
3471
3816
3022
3971
3913
3892
3422
3824
3027
3431
3914
3896
3973
3921
3916
3029
1975
3639
3974
3922
3030
2807
3977
3937
3924
3043
3033
3435
3978
3938
3928
3034
3985
3980
3940
3045
3036
3437
1979
3479
3643
3986
3944
3263
3046
3438
2811
4001
3988
3952
1999
3049
3443
1981
3663
3645
4002
3992
3050
1982
2813
3646
4033
4004
3057
3052
3445
3483
2814
4034
4008
2911
1791
3058
3446
4036
4016
3060
3449
3485
4040
3064
3450
3486
4048
3495
3452
4064
2007
3671
3499
2011
3675
3501
3502
2013
3677
3527
3507
3727
2014
3678
2023
3687
3509
2927
3510
3531
3513
3514
3295
2027
3691
3533
3516
3534
2029
3693
3539
3735
2030
3694
2035
3699
3541
2935
2559
3542
2975
2037
3701
3555
3545
3739
2038
3702
3546
2041
3705
3557
3548
2939
3741
2042
3706
3558
3742
2044
3708
3561
3855
2941
3751
3562
2942
3569
3564
3391
3570
3311
3572
3755
3576
3757
3758
3863
3783
3763
1919
2991
3765
3766
3319
3867
3787
3769
3770
3869
3789
3772
3870
3790
3323
3879
3795
3325
2999
3797
3326
3798
3883
3811
3801
3802
3885
3003
3813
3804
3886
3814
3911
3891
3005
3817
3006
3023
3818
3893
3423
3825
3820
3894
3826
3915
3897
3828
3898
3832
3917
3900
3918
3975
3923
3031
3925
3926
3979
3939
3929
3930
3035
3981
3941
3932
3982
3942
3037
3987
3945
3038
3946
3047
3439
3989
3953
3948
3990
3954
4003
3993
3956
3994
3960
3051
1983
3647
4005
3996
4006
3053
2815
4035
4009
3054
4010
3059
3447
4037
4017
4012
4038
4018
3061
4041
4020
3062
4042
4024
3065
3451
3487
4049
4044
3066
4050
3068
3453
4065
4052
3454
4066
4056
4068
4072
4080
3503
2015
3679
3511
3515
3517
3518
3535
2031
3695
3543
2039
3703
3547
3549
3550
2043
3707
3559
3743
2045
3709
2046
3710
3563
2943
3565
3566
3571
3573
3574
3577
3578
3580
3759
3767
3771
3773
3871
3774
3791
3327
3799
3803
3805
3887
3806
3815
3007
3819
3821
3895
3822
3827
3829
3899
3830
3833
3901
3834
3902
3836
3919
3927
3931
3933
3934
3983
3943
3039
3947
3949
3950
3991
3955
3957
3958
3995
3961
3962
3997
3964
3998
4007
3055
4011
4013
4014
4039
4019
4021
3063
4022
4043
4025
4026
4045
4028
3067
4046
4051
3069
3070
4053
3455
4054
4067
4057
4058
4069
4060
4070
4073
4074
4081
4076
4082
4084
4088
3519
3551
2047
3711
3567
3575
3579
3581
3582
3775
3807
3823
3831
3835
3903
3837
3838
3935
3951
3959
3963
3965
3966
3999
4015
4023
4027
4029
4030
4047
3071
4055
4059
4061
4062
4071
4075
4077
4078
4083
4085
4086
4089
4090
4092
3583
3839
3967
4031
4063
4079
4087
4091
4093
4094
4095
