15
7
1059
291
139
27
3
4129
2561
2305
1537
1057
1049
289
209
137
25
1
4192
4130
4128
4120
4116
4114
4102
2592
2576
2562
2560
2368
2308
2306
2304
2178
1536
1282
1056
1048
588
562
452
450
288
278
208
184
136
24
0
5120
4616
4608
4353
4352
4288
4240
4232
4228
4226
4225
4224
4176
4168
4164
4162
4161
4160
4144
4136
4132
4113
4112
4108
4106
4105
4104
4101
4100
4099
4098
4097
4096
3104
3074
3073
3072
2688
2624
2568
2564
2432
2320
2312
2240
2208
2192
2184
2181
2180
2177
2176
2144
2128
2120
2114
2096
2088
2082
2081
2080
2072
2066
2065
2064
2058
2057
2056
2053
2052
2050
1792
1664
1616
1600
1568
1552
1538
1408
1344
1284
1224
1217
1216
1184
1168
1156
1154
1153
1152
1128
1124
1120
1104
1097
1096
1092
1090
1089
1088
1076
1074
1062
1061
1060
1058
1050
1046
1044
1043
1042
1041
1040
1034
1030
1027
1026
1025
1024
896
840
834
832
804
801
800
792
784
769
768
708
688
664
657
656
650
649
648
646
645
644
643
642
641
640
616
612
596
594
593
592
586
585
584
582
581
580
579
578
577
576
568
564
561
560
556
553
552
549
548
547
546
545
544
540
538
537
536
534
531
530
529
528
526
525
524
523
522
521
520
519
518
517
516
515
514
513
512
464
456
449
448
424
416
404
401
400
393
392
389
388
360
356
352
340
338
337
336
332
330
329
328
326
325
324
323
322
321
320
312
306
305
304
300
298
297
296
294
293
292
290
284
282
281
280
277
276
275
274
273
272
270
269
268
267
266
265
264
263
262
261
260
259
258
257
256
232
228
226
216
210
204
202
201
200
198
197
196
195
194
193
192
180
178
177
176
172
170
169
168
166
163
162
161
160
156
154
153
152
150
149
148
147
146
145
144
142
141
140
138
135
134
133
132
131
130
129
128
120
116
114
113
112
108
106
105
104
102
101
100
92
90
89
88
86
85
84
83
82
81
80
78
77
76
75
74
73
72
71
70
69
68
67
66
65
64
60
58
53
52
51
50
49
48
46
45
44
43
42
41
40
39
38
37
36
35
34
33
32
30
29
28
26
23
22
21
20
19
18
17
16
13
12
11
10
9
8
6
5
4
2
14
608
550
54
610
609
776
164
777
354
165
1112
1094
772
770
1108
1160
384
788
712
1410
96
554
240
420
1328
1161
344
308
386
385
2112
56
98
97
652
2336
1312
1106
1296
408
848
1032
1028
1122
224
532
390
387
3076
2148
1068
672
658
1288
2084
2060
2054
720
4360
2116
2113
704
212
1072
1200
2048
418
57
99
2337
736
4480
4610
660
680
2098
1298
1297
1036
1033
1029
4256
1280
4384
1052
1080
780
1064
2212
394
2068
836
1540
1300
600
432
624
1158
2188
1544
1232
225
533
1292
808
402
674
673
396
1289
2062
904
802
1286
2117
706
705
1073
1098
2352
2049
480
1218
912
1352
368
1100
1360
786
1304
1320
4356
1038
1037
676
3328
2384
4354
1281
3080
1066
1065
3088
4368
1542
3136
2816
2182
2210
1546
1424
1220
1192
4736
778
353
1416
1093
2248
2340
774
960
1162
1045
2146
864
2124
2092
1105
1548
1121
1176
1346
1604
1696
2186
2185
1570
1584
900
2051
1560
1608
2272
2104
417
2338
1314
4609
2097
4416
1186
3200
2136
816
1172
2193
1157
4612
1136
2322
1290
2086
2152
1164
6144
4640
1285
2118
2324
1170
898
2344
833
2074
785
1348
2316
928
1556
1188
2070
1412
1248
1668
2132
2242
2314
2196
2224
2216
2100
2256
1572
773
771
1632
4624
1316
2090
1440
2310
2160
1602
1313
1672
2076
1680
1666
2130
2370
1554
2194
1376
4672
1576
2085
2328
2061
2055
5128
2122
5124
2376
2069
5122
1541
1545
2566
1091
1409
2200
1345
2089
1472
1601
1185
2129
1553
1155
1169
2073
2565
2372
2241
2313
2209
2244
2145
1569
1665
2321
2115
2121
897
1035
1031
2309
2400
2369
1283
2569
2083
2059
2067
5121
2570
2179
2433
1539
2563
2434
2307
2572
5136
2436
2577
2578
2580
2440
4103
4107
2584
4109
2593
4110
4115
2594
4117
4118
2596
4121
1793
2448
4122
4131
1794
4133
4124
4134
1796
2600
4137
5152
1728
4138
4140
1800
4145
31
4163
4146
47
4165
55
59
79
4166
4148
2608
87
4169
61
2625
4170
62
91
2626
93
103
4172
4152
107
143
1808
94
2628
4177
151
109
2464
4178
110
155
115
117
157
167
4180
171
118
158
2632
173
121
179
122
174
199
181
4184
271
182
124
203
4193
279
205
185
4227
4194
283
186
206
211
4229
295
285
213
4230
4196
299
286
214
188
2640
4233
301
217
4234
307
227
302
218
327
309
229
4236
4200
1824
331
310
230
220
4241
333
313
233
4242
339
334
314
234
341
4244
342
316
236
5184
345
241
355
346
242
391
357
4248
4208
527
395
358
348
244
4257
535
397
361
4258
539
403
398
362
551
541
405
4260
542
555
406
364
248
2656
2689
557
409
369
2690
563
558
419
410
370
4864
583
565
421
2692
4264
587
566
422
412
372
2496
589
569
425
595
590
570
426
597
2696
598
572
428
376
601
433
611
602
451
434
647
613
453
4272
651
614
604
454
436
4289
653
617
457
4355
4290
659
654
618
458
4357
661
4358
2704
4292
662
620
460
440
4361
665
625
465
4362
675
666
626
466
677
1856
4364
4296
678
668
628
468
4369
681
4370
682
4372
684
632
472
3075
689
481
3077
707
690
482
3078
775
709
1039
4376
3081
4304
779
710
692
484
1047
4385
3082
781
713
1051
4386
787
782
714
1063
1053
3084
789
1067
1054
4388
3089
2720
790
716
696
488
1069
3090
793
721
1075
1070
803
794
722
1095
1077
3092
805
1099
1078
4392
806
796
724
1101
1081
809
1107
1102
1082
810
1109
3096
1110
1084
3105
812
728
496
1113
3106
817
737
1123
1114
835
818
738
1159
1125
3108
3584
837
1163
1126
1116
4400
4320
838
820
740
1165
1129
4417
841
1171
1166
1130
4418
842
1173
3112
5248
1174
1132
4420
844
824
744
1177
1137
849
1187
1178
1138
850
1189
1190
1180
1140
4424
852
1193
1194
3120
2817
1196
1144
3137
2818
856
752
1201
3138
865
1219
1202
2820
899
866
1287
1221
3140
901
1291
1222
1204
4432
902
868
1293
1225
905
1299
1294
1226
2824
906
1301
3144
2752
1302
1228
1208
908
872
1305
1233
913
1315
1306
1234
914
1317
4611
6145
1318
1308
1236
4613
6146
916
1321
4614
1322
4617
2832
6148
3152
4618
1324
1240
1920
920
880
1329
1249
4620
929
1347
1330
1250
4625
6152
930
1349
4626
4481
1350
1332
4448
1252
4482
932
1353
4628
1354
4484
1356
1336
1256
2063
936
1361
4632
2071
1362
4641
2075
6160
4488
4642
2087
2077
1364
2091
2078
4644
2093
2099
2094
2848
3201
3168
2119
2101
3202
1368
1264
2123
2102
944
1377
4648
2125
2105
1543
3204
961
1411
1378
2131
2126
2106
1547
4496
962
1413
2133
1549
1414
1380
2134
2108
1555
1550
964
1417
2137
1557
3208
1418
2147
2138
1558
2183
2149
1561
1420
1384
2187
2150
2140
1571
1562
968
1425
4656
2189
2153
1573
1426
4673
2195
2190
2154
1574
1564
6176
4674
2197
1577
1428
2198
2156
1578
4676
2201
2161
3216
2211
2202
2162
1580
2213
1585
1432
1392
2214
2204
2164
1603
1586
976
1441
4680
2217
1605
1442
2218
1606
1588
4512
1609
1444
2220
2168
1610
2225
2243
2226
1612
1592
2311
2245
1617
1448
2315
2246
2228
1618
4688
2317
2249
2323
2318
2250
1620
2325
2880
2326
2252
2232
2329
2257
3232
2339
2330
2258
1624
5376
2341
1633
1456
2342
2332
1667
2260
1634
992
1473
2345
1669
1474
2346
1670
1636
1673
1476
2348
1674
2264
2353
2273
2371
2354
1676
2274
1640
2373
1681
4737
1480
6208
2374
2356
1682
2276
4738
4704
2377
2378
1684
4740
2380
2360
2280
2385
2386
1688
1648
3329
4744
1697
3330
1488
4544
5123
2388
1698
5125
3332
5126
1700
5129
5130
2392
2288
2567
2401
3336
2571
5132
2435
2402
1704
2573
4752
5137
2437
2579
2574
5138
2438
2404
2581
2441
2582
5140
2442
3264
2585
4111
2595
2586
2444
2408
4119
2597
2449
4123
1795
3344
2598
2588
5144
2450
1712
4135
4125
1797
2601
5153
1729
4139
4126
1798
1504
2602
5154
1730
2452
4141
1801
4147
4142
1802
2604
5156
1732
4167
4149
2609
4171
4150
1804
63
2627
2610
2456
2416
4173
4153
1809
95
2629
2465
4179
4174
4154
1810
111
2630
2612
5160
1736
2466
4181
159
119
4768
2633
4182
4156
1812
175
123
2634
2468
4185
183
125
4195
4186
207
187
126
2944
2636
2616
4231
4197
287
215
189
2641
4235
4198
4188
1816
303
219
190
2642
2472
4237
4201
1825
311
231
221
3360
4243
4238
4202
1826
335
315
235
222
2644
5168
1744
4245
343
317
237
5185
4246
4204
1828
347
318
243
238
5186
4249
4209
359
349
245
4259
4250
4210
399
363
350
246
2648
5188
4261
543
407
365
249
2657
2691
4262
4252
4212
1832
559
411
371
366
250
2658
4865
6272
2480
2693
4265
567
423
413
373
4866
2497
2694
4266
591
571
427
414
374
252
2660
5192
2498
2697
599
573
429
377
4868
2698
4268
4216
603
574
435
430
378
2500
4273
615
605
455
437
2700
4291
4274
655
619
606
459
438
380
2664
4359
2705
4293
663
621
461
441
4872
4363
2706
4294
4276
1840
667
627
622
467
462
442
2504
1857
4365
4297
679
669
629
469
1858
4371
4366
2708
4298
683
670
630
470
444
5200
1760
4373
685
633
473
1860
4374
4300
4280
691
686
634
483
474
3079
4377
4305
711
693
485
3083
4387
4378
2712
4306
783
715
694
636
486
476
3085
2672
4800
1055
4389
2721
791
717
697
489
3091
3086
4880
1071
1864
4390
4380
2722
4308
795
723
718
698
490
3093
2512
1079
4393
807
797
725
3094
1103
1083
4394
2724
811
798
726
700
492
3097
1111
1085
813
729
497
3107
3098
1115
1086
4396
5632
4312
819
814
739
730
498
3109
3585
1127
1117
4401
3392
4321
839
821
741
3110
3100
3586
1167
1131
1118
4419
4402
4322
2728
843
822
742
732
500
3113
5249
1175
1133
4421
845
825
745
3114
3588
5250
1872
1179
1139
1134
4422
4404
4324
851
846
826
746
1191
1181
1141
4425
853
3116
5252
1195
1182
1142
4426
5216
854
828
748
504
3121
1197
1145
2819
857
753
3139
3122
3592
1203
1198
1146
4428
4408
2821
4328
867
858
754
3141
1223
1205
4433
2822
903
869
3142
3124
5256
1295
1227
1206
1148
4434
2825
2736
907
870
860
756
3145
2753
1303
1229
1209
4896
2826
909
873
3146
2754
1307
1235
1230
1210
4436
2528
915
910
874
1319
1309
1237
2828
6147
917
3148
3128
4615
2756
1323
1310
1238
1212
2833
6149
918
876
760
3153
4619
1325
1241
2834
6150
1921
921
881
3154
3600
4621
1331
1326
1251
1242
4440
4336
6153
1922
931
922
882
4627
4622
1351
1333
4449
1253
2836
6154
4483
933
3156
4629
2760
5264
1355
1334
4450
1254
1244
1924
4485
934
924
884
4630
1357
1337
1257
1888
6156
4486
937
4633
1363
1358
1338
4452
1258
6161
4489
938
4643
4634
1365
2079
2840
6162
4490
3160
4645
1366
1340
1260
2095
2849
1928
940
888
3169
4646
4636
3203
1369
1265
2103
2850
6164
4492
945
3170
4649
3205
1379
1370
4456
1266
2127
2107
4497
963
946
4650
3206
1415
1381
2135
2109
2852
1551
4498
965
3172
2768
3209
1419
1382
1372
1268
2139
2110
1559
966
948
4652
3210
1421
1385
2151
2141
1563
6168
4500
969
4657
1427
1422
1386
2191
2155
2142
1575
1565
6177
970
4675
4658
3212
1429
2199
2157
2856
1579
1566
6178
3176
4677
3217
1430
1388
1272
2203
2163
2158
1581
1936
972
952
6400
4678
4660
3616
3218
1433
1393
2215
2205
2165
1587
1582
6180
4504
977
4681
4464
1443
1434
1394
2219
2206
2166
1607
1589
4513
978
4682
3220
5280
1445
2221
2169
1611
1590
4514
1446
1436
1396
2227
2222
2170
1613
1593
980
4684
4664
1449
2247
2229
1619
1614
1594
6184
4516
4689
4928
1450
2319
2251
2230
2172
1621
4690
3224
2881
3456
2864
2327
2253
2233
1622
1596
3184
3233
1452
1400
2882
2331
2259
2254
2234
1625
984
4692
5377
3234
1457
2343
2333
2261
1635
1626
993
4520
5378
1475
1458
2884
2347
2334
1671
2262
2236
1637
994
2784
3236
1477
2349
1675
2265
1638
1628
5380
1478
1460
2355
2350
1677
2275
2266
1641
996
4696
1481
6209
2375
2357
1683
1678
2277
1642
6192
4739
4705
1482
6210
2888
2379
2358
1685
2278
2268
4741
4706
3240
1952
2381
2361
1686
2281
1644
4742
5384
1484
1464
6212
2387
2382
2362
1689
2282
1649
1000
4745
4708
3331
1489
4545
2389
1699
1690
1650
4528
4746
3333
1490
4546
5127
2390
2364
1701
2284
3334
5131
2393
1702
1692
2289
1652
4748
3337
1492
4548
5133
6216
2403
2394
1705
2290
4753
4712
3338
2575
5139
5134
2439
2405
1706
4754
2583
5141
2896
2443
2406
2396
2292
3265
3248
3340
2587
5142
2445
2409
1708
1656
3266
4756
5392
3648
3345
2599
2589
1496
4552
5145
2451
2446
2410
1713
1008
4127
1799
3346
1505
2603
2590
5155
5146
1731
2453
1714
3268
4143
1803
5312
1506
2605
5157
1733
2454
2412
2296
4151
1805
3348
2611
2606
5158
5148
1734
2457
2417
1716
4760
4175
4155
1811
1806
1508
2631
2613
6224
5161
1737
2467
2458
2418
4769
4720
4183
4157
1813
2635
2614
5162
1738
2469
4770
3272
4187
4158
1814
127
2945
2637
2617
2470
2460
2420
4199
4189
1817
191
2946
3352
2643
2638
2618
5164
1740
2473
1720
4772
3361
4239
4203
4190
1827
1818
223
1512
2645
4560
5169
1745
2474
3362
4247
4205
1829
319
239
2948
2646
2620
5187
5170
1746
4251
4211
4206
1830
1820
351
247
2649
5189
2476
2424
3364
4263
4253
4213
1833
367
251
2659
2650
5190
5172
6273
1748
2481
4776
4867
2695
4267
4254
4214
1834
415
375
253
2661
5193
2499
2912
6274
2482
4992
4869
1984
2699
4269
4217
575
431
379
254
2952
2662
2652
5194
2501
3280
5408
4870
2701
4275
4270
4218
1836
607
439
381
2665
2502
6276
2484
4873
3368
2707
2702
4295
4277
1841
623
463
443
382
2666
5196
2505
5176
1752
4874
1859
4367
1520
2709
4299
4278
4220
1842
671
631
471
445
5201
1761
2506
1861
4375
2710
4301
4281
687
635
475
446
2668
5202
1762
4876
1862
4379
6240
2713
4307
4302
4282
1844
695
637
487
477
2673
2508
4801
6280
2488
3087
4881
1865
4391
4381
2723
2714
4309
719
699
638
491
478
2674
5204
1764
2513
4802
4784
3095
4882
1866
4395
4382
6656
2725
4310
4284
799
727
701
493
2514
3099
2960
1087
4397
5633
2726
2716
4313
815
731
702
499
494
2676
4804
3393
3111
3101
3587
4576
4884
1119
1868
4403
4398
5634
4323
2729
4314
1848
823
743
733
501
2516
3394
3115
3102
3589
3376
5251
1873
1135
4423
4405
4325
2730
847
827
747
734
502
5208
1768
3117
3590
5253
1874
1183
1143
4427
4406
5217
5636
4326
4316
855
829
749
505
3396
3123
3118
3593
5254
1199
1147
4429
4409
5218
4329
2732
859
830
755
750
506
2680
4808
2823
3143
3125
3594
4888
5257
1876
1207
1149
4435
4430
4410
2737
4330
871
861
757
6288
2520
4897
2827
3296
3147
3126
2755
5258
3712
1231
1211
1150
4437
5220
2529
2738
911
875
862
758
508
4898
2829
3149
3129
3596
2757
1311
1239
1213
4438
4412
2530
5640
4332
919
877
761
2835
2830
3400
6151
3155
3150
3601
3130
2758
5260
1327
1243
1214
4441
4337
1923
2740
923
883
878
762
4623
4900
2837
6155
3157
3602
2761
5265
1880
1335
4451
1255
1245
4442
2532
4338
1925
935
925
885
4631
2838
1889
6157
4487
3158
3132
2762
5266
1776
1359
1339
4453
1259
1246
5224
1926
939
926
886
764
4635
2841
1890
6163
6158
4491
3161
3604
1367
1341
4454
1261
4444
4340
1929
941
889
4647
4637
2851
2842
6165
4493
3171
5440
3162
2764
5268
1371
1342
4457
1267
1262
4816
2744
1930
947
942
890
4651
4638
3207
4904
2853
1892
6166
4499
4494
2976
3173
2769
1383
1373
4458
1269
2536
2111
967
949
4653
3211
2854
2844
6169
4501
3174
3164
2770
1423
1387
1374
1270
2143
1932
971
950
892
4659
4654
3213
2857
1567
6179
6170
4502
5648
3608
3177
1431
1389
4460
1273
2159
4344
1937
3408
973
953
6401
4679
4661
3617
3219
3214
2858
1583
6181
4505
3178
2772
5272
4465
1435
1395
1390
1274
2207
2167
1938
979
974
954
6402
4683
4662
3618
3221
5281
1896
1591
6182
4515
6172
4506
4466
1447
1437
1397
2223
2171
981
4685
4665
3222
5282
5232
6304
2860
1615
1595
6185
4517
3180
4929
1451
1438
1398
1276
2231
2173
1940
982
956
6404
4691
4686
4666
3620
3225
3457
2865
1623
1597
6186
4518
4508
3185
4930
4468
1453
1401
2883
2255
2235
2174
985
4693
3235
3226
5284
3458
2866
1627
1598
4521
3186
5379
2776
4912
1459
1454
1402
2885
2335
2263
2237
995
986
4694
2785
4668
3237
2544
1639
1629
6188
4522
5381
1479
4932
1461
2886
2351
2267
2238
997
4697
2786
3238
3228
3460
2868
1679
1643
1630
6193
3188
5382
1483
1462
1404
6211
2889
2359
2279
2269
1944
998
6408
988
4707
3624
4698
3241
1953
1687
1645
6194
4524
4743
5385
4472
1485
1465
6213
2890
2383
2363
2283
2270
1001
4709
2788
5288
3242
1954
1691
1651
1646
4529
4747
5386
4832
1904
1491
1486
1466
4547
6214
2391
2365
2285
1002
4710
4700
3335
1703
1693
1653
4530
6196
4749
4936
1493
4549
6217
2892
2395
2366
2291
2286
4713
3244
3339
5135
1956
3464
2872
1707
1694
1654
3192
4755
4750
5388
1494
1468
4550
2897
6218
2407
2397
2293
1004
5664
4714
3249
3341
5143
1709
1657
4532
3267
3424
4757
5393
3649
1497
4553
2898
2447
2411
2398
1009
2294
2792
3250
3347
3342
2591
5147
1715
1710
1658
3269
4758
5394
5313
3650
1507
1498
4554
2455
6220
2413
1010
2297
4716
3349
2607
5159
5149
3008
1735
6200
1717
3270
4761
1807
5314
1509
6225
2900
2459
2419
2414
2298
4721
6416
3252
3632
3350
2615
1960
5163
5150
1739
1718
1660
4771
3273
4762
5396
4159
1815
3652
1510
1500
6226
4556
2471
2461
2421
1012
3840
4722
7168
2947
3353
5296
2639
2619
5165
4536
1741
1721
4773
3274
4191
5316
1819
1513
4561
2475
2462
2422
2300
3363
5504
2949
3354
2647
2621
5171
5166
1747
1742
1722
4774
4764
4207
1831
1821
4944
1514
4562
6228
2477
2425
4724
3365
2950
2651
2622
5191
3472
5173
6336
1749
4777
3276
4255
4215
1835
1822
2904
2913
6275
2483
2478
4993
2426
3256
3366
1985
255
2953
3356
2663
2653
5195
5174
3281
1750
1724
4778
5400
5409
4871
3656
4271
4219
1837
1516
4564
2503
1016
2914
6277
2485
4994
2800
3369
1986
2703
383
2954
2667
2654
5197
5177
3282
1753
5410
4875
5320
1521
4279
4221
1843
1838
2507
6278
2486
2428
3370
2711
447
2669
5203
5198
1763
5178
1754
4780
4877
1863
1522
6241
4303
4283
4222
1845
6232
2509
2916
6281
2489
4996
4728
1968
1988
2715
639
479
2956
2675
2670
5205
1765
4803
4785
3284
5412
4883
4878
1867
4383
6242
6657
4311
4285
1846
2515
2510
6282
2490
2961
3372
2727
2717
703
495
2677
5206
1766
4805
5180
4786
1756
4577
4885
1869
4399
4568
1524
5635
6658
4315
4286
1849
2517
3395
3103
3377
2962
2731
2718
735
503
2678
5209
1769
4806
3591
4578
4886
1875
1870
4407
6244
5637
4327
4317
1850
2518
6284
2492
3397
3119
6432
3378
5255
5219
2733
831
751
507
2681
5210
1770
4809
4788
5696
3595
4889
1877
4431
4411
5638
6660
2920
4331
4318
6289
5000
2521
3398
3297
3127
1992
5259
2964
3713
1151
3664
5221
2739
2734
863
759
509
3288
2682
4810
5416
4899
3597
4580
4890
1878
4439
4413
2531
5641
1852
4333
6290
2522
2831
3401
3298
3151
3131
3380
2759
5328
5261
3714
1215
5222
2741
879
763
510
5212
1772
4960
4901
1528
3603
3598
1881
4443
4414
2533
5642
4339
4334
3488
2839
3402
3159
3133
2763
5267
5262
1777
1247
5225
1927
2742
927
887
765
2684
4812
4902
1891
6159
6248
3605
4892
1882
4455
4445
2534
4341
6292
2524
2843
3300
5441
3163
3134
2765
5269
3716
1778
1343
1263
4817
4792
5226
2745
1931
943
891
766
4639
4905
1893
6167
4495
2977
6664
3606
4459
4446
2537
5644
4342
2968
2855
2845
3404
3175
5442
3165
2771
2766
5270
1375
1271
4818
2746
1933
951
893
4655
4584
4906
1894
6171
4503
2978
5649
3609
1884
4461
2538
4345
3409
3384
3215
2859
2846
3179
3166
2773
5273
1780
1391
1275
5228
1939
1934
975
955
894
6403
4663
3619
1897
6183
6173
4507
5650
3610
4467
4462
4346
3410
2928
3223
5283
5008
5233
6305
2861
5444
3181
2774
5274
2000
1439
1399
4820
1277
2748
1941
983
957
6405
4687
4667
3621
4908
5424
6296
1898
2980
6187
4519
6174
4509
4931
4469
2540
2175
3304
3720
3227
5285
5234
6306
3459
2867
2862
1599
3187
3182
2777
4913
1455
1403
1278
1942
987
958
6406
4695
4669
3622
2545
5652
6189
4523
4510
3612
4933
4470
2887
2239
4348
3412
2787
3239
3229
5286
3461
2869
1631
3189
5383
5276
2778
4914
1463
1405
1945
999
6409
989
3625
4699
4670
6256
2546
1900
6195
6190
4525
3680
4473
4934
2891
2271
1784
2789
5289
3243
3230
5236
1955
6308
3462
2870
1647
3190
5387
4833
1905
1487
1467
1406
6215
1946
1003
6410
990
5344
6672
4711
3626
4701
4531
6197
4526
6464
5448
4937
4474
2893
2367
2287
4824
2790
5290
3245
1957
3465
2873
1695
1655
4592
3193
4751
2780
5389
4834
2984
1906
4916
1495
1469
4551
6219
1005
5665
4715
4702
2548
4533
6198
3425
4938
2899
2894
2399
2295
2793
3251
3246
3343
1958
3466
2874
1711
1659
3194
4759
5656
5395
5390
3651
1499
1470
4555
1948
6221
6412
1011
1006
3416
5666
3628
4717
3009
5760
6201
4534
3271
3426
5315
4476
2901
3520
2415
2299
2794
6417
5292
3253
3633
3351
1961
5151
1719
1661
4763
4836
5397
1908
3653
1511
1501
3312
6227
4557
6222
1013
3841
3728
4723
4718
7169
5297
5240
6312
3010
4537
6202
3275
4940
5317
2902
2463
2423
2301
6418
3254
5505
3634
3355
3468
2876
1962
5167
1743
3196
1723
1662
4775
4765
5398
3654
4945
1515
4563
1502
6229
4558
5024
5668
1014
3842
4725
7170
2951
5298
2623
2016
3473
3428
6337
4538
3277
4920
5318
1823
2905
2479
2427
2302
2796
3257
2552
3367
5506
3357
5175
1751
1725
4779
5401
4766
3657
4946
1517
4565
6230
1017
2915
4995
2801
4726
1987
2955
3012
2655
6204
3474
6338
3283
3278
5411
5321
1839
2906
6279
2487
2429
5456
6420
3258
3636
1964
3371
3358
5199
5179
1755
1726
4781
5402
3658
1523
4223
6233
2992
1518
4566
1018
2917
3844
4997
4729
2802
7172
1969
5300
1989
4840
2957
4540
2671
1912
3285
5413
4879
5322
6243
1847
2511
6283
2491
2430
5508
3373
5207
1767
5181
4787
6688
1757
4782
4948
4569
1525
6659
4287
6234
2918
4998
4730
1970
2963
3476
1990
2719
2958
6340
2679
4807
3286
5672
4579
5414
4887
2908
1871
6245
1851
2519
3432
6285
3260
2493
6433
3379
3374
5211
5404
1771
5182
4789
5697
1758
3660
4570
1020
1526
5639
6661
2921
4319
5001
2804
6320
3399
1993
2965
3665
2735
3289
2683
4811
5417
5324
4581
4891
3016
1879
6246
1853
6291
2523
6286
2494
3299
6434
3381
5329
3715
5223
511
6424
5213
1773
4961
4790
3640
5698
1529
6236
3599
4415
4732
6662
2922
5643
4335
5002
1972
3489
3403
1994
5263
2966
3848
3744
3666
2743
3290
7176
6528
2685
5304
4813
5418
4903
6249
4582
4893
1883
2535
1854
6293
2525
3301
3135
3382
5330
3717
1779
4793
5227
5512
767
5214
1774
4962
4572
1530
6665
3607
4447
5645
4952
4343
3490
2969
3405
5443
2767
5271
4819
2747
3480
2686
6344
4585
4814
4907
1895
2979
6250
4894
1885
2539
6436
6294
3385
2526
4848
2847
3302
3167
5700
3718
1781
4794
5229
1935
895
2924
5004
6666
5651
3611
5056
4463
1996
5646
2808
4347
3411
3668
2929
5009
2970
3292
3406
5472
5445
5420
5888
2775
5275
2001
4821
2749
4586
4909
5425
6297
1899
2981
6175
1886
2541
5332
3305
5680
3386
3721
5235
6307
2863
4964
3183
3440
1532
1782
5230
1279
1943
959
6407
3623
3492
5653
4511
3613
1976
4471
4349
3413
2930
5010
5287
5446
5277
6252
2779
2002
4822
4915
2750
4671
6257
4910
2547
5426
6298
1901
2982
6191
3681
3024
4935
2542
3306
4796
1785
3722
3231
5237
6309
3463
2871
6668
3191
1407
1947
6411
991
5345
6673
3627
2972
6720
5654
3614
4527
6465
5449
4475
4350
3414
4825
3856
4588
2791
5291
7184
4593
5278
2781
4835
2985
1907
4917
6440
3388
4703
6258
2549
1902
3682
6199
5704
4939
5520
2895
1786
3247
5238
6310
1959
3467
2875
3195
5657
5391
3672
1471
1949
6413
5346
6674
1007
2932
3417
5667
3629
5012
5761
4535
3427
6466
2004
6352
5450
4477
3521
4826
2795
5293
5428
6300
5336
4594
2782
2986
4837
4918
1909
3308
4968
3313
3724
6223
3729
4719
2550
5241
6313
3011
6203
4941
3496
2903
3776
6419
3255
3635
3469
2877
1963
5658
3197
1663
5399
3655
1950
6414
1503
4559
3418
5025
3630
5669
1015
3843
7171
5762
5299
2017
3429
4539
4478
4921
5319
3522
6260
2303
2797
5294
3684
2553
5507
4838
1910
1788
4767
3314
4947
6231
3730
4727
5242
6314
3013
6205
3475
6339
5348
6676
3279
4942
2907
5457
6421
6468
3259
3637
3470
2878
5452
1965
3359
3198
4828
1727
5403
3659
5026
2993
5670
1519
4567
4596
1019
3845
2988
2803
7173
2018
5301
3430
4841
4541
1913
4922
5323
2798
2554
2431
5509
2936
5016
6689
4783
4949
5660
6235
2008
3040
2919
4999
4731
3014
6448
6206
1971
3420
3477
1991
2959
6341
5432
3287
5673
5764
5712
5415
2909
5458
6422
3638
3433
3261
1966
3524
3375
5405
5183
1759
3661
2994
3872
3846
4571
1021
1527
7200
7174
2805
3316
6321
5302
4842
3732
4542
1914
5244
6316
5325
3017
6247
5510
5536
6287
2495
6435
6690
4976
4950
6425
6264
4791
3641
5699
6237
3688
5028
4733
6663
2923
5003
3504
1973
3478
6342
1995
2020
6784
6368
2967
3849
5674
3745
3667
3291
7177
6529
2910
4924
5305
5419
3434
4583
3262
1855
2556
5352
6680
5406
3383
3662
5331
5513
6472
1022
5215
1775
4963
4573
2806
6322
1531
4953
3491
4600
5326
3018
3481
2687
6345
4815
5460
6251
4895
6437
6295
2527
4849
6426
3642
3303
6238
5701
2996
3719
4795
4734
2925
1974
5005
6667
4844
5057
1916
3850
3746
1997
5647
2809
7178
3669
6530
2971
5306
3293
3407
5473
5421
5889
5768
4587
3528
6692
1887
5514
5333
5681
3387
4574
4965
3441
1533
1783
5231
3320
4954
3736
3493
5676
1977
3482
6346
2931
3436
5011
5447
6253
2003
4823
6438
2751
4850
4911
5427
6299
2983
5702
3025
6324
2543
3307
5032
4797
2926
3723
5006
5058
2024
5728
6669
1998
2810
3670
3294
3020
5474
2973
5422
5890
6721
5655
3615
4351
3415
3857
4589
6428
7185
3644
3696
5279
5334
5682
6441
3389
4966
6259
3442
1903
1534
3683
5705
3852
3748
5521
3904
7180
6532
1787
3494
5308
7232
5239
1978
6311
5360
5464
3673
5347
6675
2933
6480
5013
6254
5516
5568
3000
6467
2005
6353
5451
4827
3026
5429
6301
4956
4798
5337
4595
2783
2987
4919
3309
4969
3725
6670
2551
3484
6348
2974
3497
6722
6696
3777
4852
3858
4590
5659
7186
1951
6415
3419
3631
6442
6912
5776
5763
3390
5060
4479
2812
5706
3523
6261
3536
5522
5295
3685
5476
5892
4839
1911
1789
3315
3731
3674
6328
2934
5243
5014
6315
5684
5349
6677
4943
2006
6354
3444
6469
3471
2879
5453
5430
6302
3199
5338
4829
3310
1980
5027
4970
5671
3726
4597
2989
5040
2019
3431
4923
2032
3498
2799
3778
2555
3752
3028
2937
6536
5017
5661
2009
3041
3015
6449
6207
3421
5433
5765
6262
5713
6724
3686
5459
6423
3639
1967
3525
3860
1790
7188
2995
3873
3847
7201
6444
7175
3317
5303
4843
3733
4543
5350
6678
1915
5245
5708
6317
5524
6470
5454
4856
5511
5537
4830
6496
6691
4977
4598
3676
4951
2990
6265
5064
3689
6704
5029
3968
3505
7296
3479
6356
6343
2021
6785
5480
6369
5675
5896
2911
4925
5340
3435
2938
3263
5018
2557
5353
6681
4972
5662
5407
2010
3042
5688
3663
6450
6473
1023
3422
2807
5434
3448
3500
6323
5766
3780
5714
5792
4601
5327
3526
3552
3019
5461
3874
7202
3318
6427
3734
3643
6239
2997
5246
6318
3032
4735
1975
4845
1917
3851
5538
3747
7179
6531
5307
4978
5769
6266
3760
6728
6544
3690
5030
3529
6693
3506
5515
3864
2022
6786
6370
7192
4575
4926
3321
4955
3737
2558
5354
6682
5677
3483
5528
6347
3437
6474
6439
4851
2940
5020
4602
5703
6325
2012
3044
5033
6360
2927
5007
5462
6452
5059
2025
5729
5436
1999
2811
3671
5716
3295
5072
3021
5475
5423
5891
2998
5488
5904
4846
1918
6429
3645
3876
3697
5335
5683
3784
7204
4967
5770
3443
1535
3853
3749
3530
3905
6694
7181
6533
3495
5309
7233
1979
5540
5361
5465
7424
4980
3322
6481
6268
6255
3738
3692
5517
5569
3001
5678
3508
5824
3027
6788
6372
3438
4957
4799
6671
5356
6684
3485
6349
6326
5034
2975
6723
6476
6697
6736
2026
5730
4853
3859
4591
7187
4604
3022
6560
6443
6913
5777
3391
5061
2813
6430
5707
3646
3537
3698
5523
5477
5893
3048
6456
3854
3750
3675
3906
7182
6534
6329
2935
5720
5015
5310
7234
5685
5362
5466
2007
6355
5772
3445
6482
5431
6303
3880
3532
5518
5339
5570
3002
7208
3311
1981
5088
4971
3727
5041
4958
3324
3792
5920
3740
2033
5544
3499
3779
3486
4984
6350
3753
3029
6698
6537
3512
4854
6792
6376
5036
6914
6263
5778
6725
2028
5062
5732
3687
2814
3538
7680
3861
1791
5478
7189
5894
6445
3700
5351
6679
6330
5709
6752
5686
5525
6471
5455
4857
3446
4831
3908
6497
7236
6592
5364
5468
4599
3677
2991
1982
5065
3056
6705
6484
3969
5042
7297
6357
5572
3004
2034
5481
5897
5341
2939
5019
3754
3030
4973
6538
3888
5663
2011
3043
5689
7216
6451
3423
5435
3449
3501
6700
5767
3781
5715
5793
6726
5552
3808
3527
3553
5952
3862
6916
7190
5780
3875
7203
3319
6446
3540
6800
6384
3735
5736
5247
6319
5710
3033
5526
4858
6332
5539
6498
4979
3678
3704
6267
3761
5066
6729
6545
3691
6706
3970
5031
7298
3507
6358
3912
3865
5482
2023
5898
6787
7240
6371
7193
5044
5368
4927
5342
2036
6488
4974
2559
5355
6683
5576
5690
3756
5529
6540
6475
3450
3502
3782
5794
2941
3554
5021
4603
2013
3045
6361
5463
6453
5437
5717
3034
5073
6920
5784
2999
3544
5489
5905
4847
6016
1919
4860
3877
5744
6816
6500
3785
3762
7205
6730
6546
5771
5068
3866
6708
3972
7194
3531
7300
6695
5484
5541
5900
7425
4981
3920
3323
5048
6269
7248
5530
3739
3693
5692
2040
5679
3509
5825
3452
6789
6373
3439
5584
2942
5796
5022
3556
2014
3046
6362
5357
6685
6454
5438
6327
5035
5718
6477
6737
5074
2027
5731
3036
5490
5906
4605
3023
6561
3878
6928
3786
7206
3764
6431
6732
6548
3647
6504
3699
3868
3049
6848
7196
5542
6457
6712
7426
3976
4982
7304
3855
3751
3907
6270
7183
6535
5721
5311
7235
3694
5363
5467
3510
5532
5773
5826
6790
6374
3936
6483
7264
3881
3533
5519
5571
3003
7209
5800
5358
6686
5089
5600
6364
3560
4959
3325
3793
6478
6738
5921
3741
5545
5076
3487
4985
6351
4606
6562
5492
5908
6699
3513
3788
4855
6793
6377
6944
3768
5037
6552
3050
6915
6512
5779
6458
2029
5063
5733
7428
2815
5722
3539
7681
3984
7312
5479
5895
5774
5828
3882
3534
3701
7210
6331
6753
5687
5090
3326
5808
3794
3447
5922
3742
3909
6740
3568
5546
7237
6593
5365
5469
4986
5080
1983
6564
3057
6485
5496
5043
5912
3514
5573
3005
6794
2035
6378
5038
3052
6976
3755
3031
2030
5734
6460
6539
3889
7682
7217
7432
5724
4000
6701
7328
5832
3702
6727
3884
5553
3809
7212
6754
5092
5953
3863
6917
7191
5781
3796
3910
5924
7238
5548
6594
6744
5366
6447
5470
3541
6801
6385
4988
5737
3058
6486
5711
6568
5527
3516
5574
3006
4859
6796
6380
6333
6499
3679
3705
7040
3890
5067
7218
6707
3971
7684
7299
7440
6359
6702
3913
5483
5899
7241
4032
5045
5369
7360
5554
5343
3810
5840
6756
2037
6489
4975
5954
5096
6918
5782
5577
5691
3800
3757
5928
6541
3542
6802
6596
6386
3451
3503
5738
3783
5795
3060
6576
3555
6334
3706
3892
7220
7688
3035
6921
3914
7456
5785
7242
5046
5370
3545
5556
3812
2038
5856
6017
6490
6760
5956
4861
5104
5745
5578
6817
6501
3763
3758
6731
6547
6542
5936
6804
6388
6600
5740
5069
3867
6709
3973
3064
7195
7301
5485
5901
3708
3921
5049
7249
5531
3896
7224
5693
2041
7696
6922
5786
3916
7488
7244
3453
5372
5585
3546
2943
5797
5023
5560
3816
6018
6492
6768
4862
5960
3557
2015
3047
5746
6818
5580
6502
6363
6455
5439
6808
6392
6608
5070
5719
6710
3974
5075
7302
5486
3037
5902
5491
5907
3922
5050
3879
6929
7250
3787
7207
5694
2042
7712
6924
3765
5788
6733
6549
3454
7552
6505
5586
3548
5798
3869
3824
6020
6849
7197
5543
3558
5968
5748
6820
6713
7427
3977
4983
7305
6271
6624
3695
3511
5533
5827
3038
6791
6375
3937
7265
3924
5052
6930
7252
2044
5801
5359
6687
3766
7744
5601
6365
6734
6550
3561
6506
5588
6479
6739
3870
6024
6850
7198
5077
5984
5752
6824
6714
3978
7306
4607
6563
5493
5909
5534
3789
3938
6945
7266
3769
6932
3928
7256
6553
3051
5802
6513
6459
5602
7808
6366
3562
7429
6508
5592
5723
3985
6032
6852
7313
5078
6832
6716
3980
5775
7308
5829
5494
5910
3883
3535
7211
3790
5091
3940
6946
7268
3770
3327
5809
6936
3795
5923
6554
3743
5804
6741
6514
3569
5547
5604
7936
3564
7430
4987
5081
3986
6565
6048
6856
7314
5497
5913
3515
5830
6795
6379
5039
3053
6977
3944
6948
2031
5735
7272
6461
3772
5810
6556
7683
6742
7433
6516
3570
5725
5608
5082
4001
7329
3988
6566
6080
6864
7316
5498
5833
5914
3703
3885
7213
6755
5093
3797
3054
6978
3911
5925
3952
6952
7280
7239
6462
5549
5812
6595
6745
5367
5471
4989
7434
6520
5726
3572
3059
5616
6487
6569
5084
4002
7330
3992
3517
5575
3007
6880
7320
5500
5834
5916
6797
6381
3886
7214
5094
3798
7041
3891
6980
5926
6960
7219
7685
5550
5816
6746
7441
4990
7436
3576
6703
6570
4033
4004
7361
7332
5555
3518
3811
5841
5836
6757
6798
6382
5955
5097
6919
5783
3801
5929
7042
6984
3543
6803
6597
6387
7686
5739
6748
7442
3061
6577
6572
4034
4008
7362
7336
6335
5842
6758
5098
3707
3893
3802
5930
7221
7044
6992
6598
7689
3915
7457
7444
3062
7243
5047
5371
6578
5557
4036
3813
4016
7364
7344
2039
5857
5844
6491
6761
5957
5105
5579
5100
3759
6543
5937
3894
3804
5932
6805
6389
7222
6601
7048
7008
7690
5741
7458
3065
7448
6580
5558
4040
3814
7368
5858
5848
6762
5958
3709
5106
3897
5938
7225
6806
6390
6602
7056
7697
6923
7692
5742
5787
3917
7489
7245
7460
3066
5373
3547
6584
5561
3817
4048
6019
7376
6493
5860
6769
4863
6764
5961
5747
6819
5581
6503
3710
5108
3898
5940
6809
6393
7226
6609
6604
7072
5071
7698
6711
3975
3918
7490
7303
7246
7464
3068
5374
5487
5903
5562
3818
4064
7392
6494
5864
6770
5962
5582
3923
5051
5112
7251
3900
5695
2043
5944
6810
6394
7228
6610
7713
6925
7104
7700
5789
3455
7553
7492
7472
5587
3549
5799
5564
3825
6021
3820
3559
5872
6772
5969
5749
5964
6821
6812
6396
6625
6612
7714
6926
7704
5790
7554
7496
3550
3039
3826
6022
6776
5970
5750
6822
3925
5053
6931
7253
2045
6626
6616
3767
7745
7716
6735
6551
6507
7556
7504
5589
3871
6025
3828
6851
7199
5985
5753
5972
6825
6715
3979
3926
5054
7307
7254
2046
6628
7746
7720
5535
7560
7520
5590
6026
3832
3939
7267
5986
5754
5976
6826
6933
3929
7257
5803
6632
5603
7809
6367
7748
7728
3563
6509
7568
5593
6033
6028
6853
5079
5988
5756
6833
6717
6828
3981
6934
3930
7309
7258
5495
5911
6640
7810
7752
6510
7584
5594
3791
6034
6854
3941
6947
7269
5992
6834
6718
3982
3771
6937
3932
7310
6555
7260
5805
6515
5605
7937
7812
7760
3565
7431
7616
5596
3987
6049
6036
6857
3942
7315
7270
6000
6836
6938
5831
5806
5606
7938
7816
7776
3566
6050
6040
6858
3945
6949
7273
6840
3773
5811
6940
6557
6743
6517
3571
5609
7940
7824
5083
3989
6567
6081
6052
6865
6860
3946
7317
6950
7274
5499
5915
3774
6558
6518
5610
7944
7840
3990
3055
6979
6082
6056
6866
3953
3948
7318
6953
7281
7276
6463
5813
7435
6521
5727
3573
5617
5612
7952
7872
5085
4003
7331
3993
6084
6881
6064
6868
3954
7321
6954
7282
5501
5835
5917
5814
3887
7215
6522
3574
5095
5618
7968
5086
3799
3994
6981
5927
6088
6882
6872
3956
7322
6961
6956
7284
5502
5551
5918
5817
6747
4991
7437
3577
6524
5620
8000
6571
4005
7333
3996
3519
6982
6096
6884
3960
7324
6962
7288
5837
6799
6383
5818
7438
3578
5624
8064
4006
7334
7043
6985
6112
6888
6964
7687
5838
5820
6749
7443
3580
6573
4035
4009
7363
7337
6986
5843
6896
6968
6759
6750
5099
3803
6574
5931
4010
7338
7045
6993
6988
6599
7445
3063
6579
4037
4017
4012
7365
7345
7340
7046
6994
5845
7446
5101
3895
3805
4038
5933
4018
7366
7223
7346
7049
7009
6996
7691
5846
7459
7449
5102
6581
5559
3806
4041
3815
5934
4020
7369
7348
7050
5859
7010
7000
5849
6763
5959
5107
7450
6582
5939
4042
6807
4024
6391
7370
6603
7352
7057
7052
7012
7693
5850
5743
7461
3067
7452
6585
4049
4044
7377
7372
7058
5861
7016
7694
5852
6765
7462
3711
5109
3899
6586
5941
4050
7227
7378
6605
7073
7060
7699
5862
7024
6766
3919
7491
7247
7465
3069
5110
5375
6588
5563
3819
5942
4065
4052
7393
7380
6606
6495
7074
7064
5865
6771
5963
5583
7466
3070
5113
3901
5945
6811
6395
4066
4056
7229
6611
7394
7384
7105
7076
7701
5866
7493
7473
7468
5114
3902
5565
3821
5946
4068
7230
7396
7106
7080
7702
5873
5868
6773
5965
7494
7474
5116
5566
3822
5948
6813
6397
4072
6613
7400
7715
6927
7108
7088
7705
5791
5874
6774
5966
7555
7497
7476
3551
3827
6023
6814
6398
4080
6614
7408
7112
7706
5876
6777
5971
5751
6823
7498
7480
6627
6617
7717
7120
7708
5880
6778
7557
7505
7500
3829
6618
7718
7136
6780
5973
3927
5055
7558
7506
7255
2047
3830
6629
6620
7747
7721
5974
7561
7521
7508
5591
6027
3833
6630
7722
5987
5755
5977
6827
7562
7522
7512
3834
6633
7749
7729
7724
5978
7569
7564
7524
6029
3836
6634
7750
7730
5989
5757
5980
6829
6935
3931
7570
7528
7259
6030
6641
6636
7811
7753
7732
5990
5758
6830
6511
7585
7572
7536
5595
6035
6855
6642
7754
7736
5993
6835
6719
3983
3933
7311
7586
7576
7261
6644
7813
7761
7756
5994
3934
7617
7588
5597
7262
6037
3943
6648
7271
7814
7762
6001
5996
6837
6939
7618
7592
5598
5807
6038
5607
7939
7817
7777
7764
6002
6838
3567
7620
7600
6051
6041
6859
7818
7778
7768
6004
6841
6941
7624
6042
7941
7825
7820
7780
6008
6842
6942
7632
6053
6044
6861
3947
6951
7275
7942
7826
7784
6844
3775
7648
6559
6519
6054
6862
5611
7945
7841
7828
7792
3991
6083
6057
6867
3949
7319
7277
7946
7842
7832
6058
3950
5613
7278
7953
7948
7873
7844
6085
6065
6060
6869
3955
6955
5614
7283
7954
7874
7848
5815
6523
3575
6086
6066
6870
5619
7969
7956
7876
7856
5087
3995
6089
6883
6068
6873
3957
7323
6957
7285
5503
7970
7960
7880
5919
6525
6090
6072
6874
3958
6958
5621
7286
8001
7972
7888
3997
6983
6526
6097
6092
6885
6876
3961
7325
6963
5622
7289
8002
7976
7904
5819
7439
3998
3579
6098
6886
3962
7326
5625
7290
8065
8004
7984
4007
7335
6113
6100
6889
3964
6965
5626
7292
5839
8066
8008
5821
3581
6114
6104
6890
6966
5628
8068
8016
5822
6987
3582
6116
6897
6892
6969
8072
8032
6751
6120
6898
6970
8080
6575
4011
7339
6989
6128
6900
6972
8096
6990
6904
8128
4013
7341
7047
6995
7447
4014
7342
4039
4019
7367
7347
6997
5847
5103
6998
3807
5935
4021
7349
7051
7011
7001
7451
4022
7350
7002
6583
4043
4025
7371
7353
7053
7013
7004
5851
7453
4026
7354
7054
7014
4045
7454
4028
7373
7356
7059
7017
7695
5853
7463
4046
7374
7018
5854
6587
4051
7379
7061
5863
7025
7020
6767
5111
7062
7026
6589
5943
4053
7381
6607
7075
7065
7028
6590
7467
3071
4054
7382
7066
7032
4067
4057
7395
7385
7077
7068
5867
7469
4058
5115
7386
7078
3903
5947
7470
4069
4060
7231
7397
7388
7107
7081
7703
5869
7495
7475
4070
5117
7398
7082
5870
5567
3823
5949
4073
5118
7401
7109
7089
7084
5875
6775
5967
5950
7477
4074
7402
7110
7090
6815
6399
7478
4081
4076
6615
7409
7404
7113
7092
7707
5877
7499
7481
4082
7410
7114
7096
5878
7482
4084
7412
7121
7116
7709
5881
6779
7501
7484
4088
7416
7122
7710
5882
7502
6619
7719
7137
7124
5884
6781
7559
7507
7138
7128
6782
3831
6621
7140
5975
7509
6622
7144
7510
6631
7723
7152
7563
7523
7513
3835
7514
7725
5979
7565
7525
7516
7726
3837
7566
7526
6635
7751
7731
5981
3838
7571
7529
5982
6031
7530
6637
7733
5991
5759
6831
7573
7537
7532
6638
7734
7574
7538
6643
7755
7737
7587
7577
7540
7738
7578
7544
6645
7757
7740
5995
3935
7589
7580
6646
7263
7758
7590
6649
7815
7763
5997
7619
7593
5599
6650
5998
6039
7594
6652
7765
6003
6839
7621
7601
7596
7766
7622
7602
7819
7779
7769
6005
7625
7604
7770
6006
6043
7626
7608
7821
7781
7772
6009
6843
6943
7633
7628
7822
7782
6010
6045
7634
7943
7827
7785
6012
6845
6046
7649
7636
7786
6846
6055
6863
7650
7640
7829
7793
7788
7652
7830
7794
7656
7947
7843
7833
7796
7664
7834
7800
6059
3951
7279
7949
7845
7836
7950
7846
6061
5615
7955
7875
7849
6062
7850
6087
6067
6871
7957
7877
7857
7852
7958
7878
7858
6069
7971
7961
7881
7860
6070
7962
7882
7864
6091
6073
6875
3959
6959
7287
7973
7964
7889
7884
6074
7974
7890
6527
6093
6076
6877
5623
8003
7977
7905
7892
6094
6878
7978
7906
7896
3999
6099
6887
3963
7327
7291
8005
7985
7980
7908
8006
7986
7912
6101
3965
5627
7293
8067
8009
7988
7920
6102
3966
7294
8010
7992
6115
6105
6891
6967
5629
8069
8017
8012
5823
6106
5630
8070
8018
3583
6117
6108
6893
8073
8033
8020
6118
6894
8074
8034
8024
6121
6899
6971
8081
8076
8036
6122
8082
8040
6129
6124
6901
6973
8097
8084
8048
6130
6902
6974
8098
8088
6991
6132
6905
8129
8100
6136
6906
8130
8104
6908
8132
8112
4015
8136
7343
8144
8160
6999
4023
7351
7003
7005
7006
4027
7355
7055
7015
7455
4029
7357
4030
7358
4047
7375
7019
5855
7021
7022
7063
7027
7029
6591
7030
4055
7383
7067
7033
7034
7069
7036
7070
4059
7387
7079
7471
4061
7389
4062
7390
4071
7399
7083
5871
5119
7085
7086
5951
4075
7403
7111
7091
7479
4077
7405
7093
4078
7406
7094
4083
7411
7115
7097
5879
7098
7483
4085
7413
7117
7100
4086
7414
7118
7485
4089
7417
7123
7711
5883
7486
4090
7418
7503
4092
7420
7125
5885
7126
5886
7139
7129
6783
7130
7141
7132
7142
6623
7145
7146
7511
7153
7148
7154
7156
7160
7515
7517
7727
7518
7567
7527
3839
5983
7531
7533
6639
7735
7534
7575
7539
7541
7739
7542
7579
7545
7741
7546
7742
7581
7548
6647
7759
7582
7591
6651
5999
7595
6653
6654
7597
7767
7598
7623
7603
7605
7771
7606
6007
7627
7609
7773
7610
7774
7629
7612
7823
7783
7630
6011
7635
6013
6047
7637
6014
7787
7638
6847
7651
7641
7789
7642
7790
7653
7644
7831
7795
7654
7657
7797
7658
7798
7665
7660
7835
7801
7666
7802
7668
7837
7804
7672
7838
7951
7847
6063
7851
7853
7854
7959
7879
7859
7861
6071
7862
7963
7883
7865
7866
7965
7885
7868
6075
7966
7886
7975
7891
6077
6078
7893
6095
6879
7894
7979
7907
7897
7898
7981
7909
7900
7982
7910
8007
7987
7913
7914
7989
7921
7916
6103
7990
7922
3967
7295
8011
7993
7924
7994
7928
8013
7996
6107
8014
5631
8071
8019
6109
6110
8021
6119
6895
8022
8075
8035
8025
8026
8077
8037
8028
6123
8078
8038
8083
8041
6125
8042
6126
8085
8049
8044
6131
6903
8086
8050
6975
8099
8089
8052
6133
8090
8056
6134
8101
8092
6137
6907
8102
6138
8131
8105
6140
6909
8106
6910
8133
8113
8108
8134
8114
8137
8116
8138
8120
8145
8140
8146
8161
8148
8162
8152
8164
8168
8176
7007
4031
7359
7023
7031
7035
7037
7038
7071
4063
7391
7087
4079
7407
7095
7099
7101
4087
7102
7415
7119
7487
4091
7419
4093
7421
4094
7422
7127
5887
7131
7133
7134
7143
7147
7149
7150
7155
7157
7158
7161
7162
7164
7519
7535
7543
7547
7743
7549
7550
7583
6655
7599
7607
7611
7775
7613
7614
7631
6015
7639
7643
7791
7645
7646
7655
7659
7799
7661
7662
7667
7803
7669
7670
7805
7673
7806
7674
7839
7676
7855
7863
7867
7869
7870
7967
7887
6079
7895
7899
7901
7902
7983
7911
7915
7917
7918
7991
7923
7925
7926
7995
7929
7930
7997
7932
7998
8015
6111
8023
8027
8029
8030
8079
8039
8043
6127
8045
8046
8087
8051
8053
8054
8091
8057
8058
6135
8093
8060
8094
8103
6139
6141
8107
6142
6911
8109
8110
8135
8115
8117
8118
8139
8121
8122
8141
8124
8142
8147
8149
8150
8163
8153
8154
8165
8156
8166
8169
8170
8177
8172
8178
8180
8184
7039
7103
4095
7423
7135
7151
7159
7163
7165
7166
7551
7615
7647
7663
7671
7807
7675
7677
7678
7871
7903
7919
7927
7931
7933
7934
7999
8031
8047
8055
8059
8061
8062
8095
6143
8111
8119
8123
8125
8126
8143
8151
8155
8157
8158
8167
8171
8173
8174
8179
8181
8182
8185
8186
8188
7167
7679
7935
8063
8127
8159
8175
8183
8187
8189
8190
8191
